Year 	Month	YearDecimal	IntegE1	IntegE2
2003	Jan	2002.99999999999	14.40
	Feb	2003.08333333332	8.85
	Mar	2003.16666666666	16.20 	44.85
	Apr	2003.24999999999	10.80 	-20.40
	May	2003.33333333332	6.45 	18.30
	Jun	2003.41666666666	0.00 	-6.00
	Jul	2003.49999999999	30.30
	Ago	2003.58333333332	-10.80 	k
	Sep	2003.66666666666	6.60 	-7.95
	Oct	2003.74999999999
	Nov	2003.83333333332
	Dec	2003.91666666666
2004	Jan	2003.99999999999
	Feb	2004.08333333332
	Mar	2004.16666666666
	Apr	2004.24999999999	25.95
	May	2004.33333333332	10.05 	9.45
	Jun	2004.41666666666	33.15 	39.15
	Jul	2004.49999999999	16.95 	35.40
	Ago	2004.58333333332
	Sep	2004.66666666665	11.70 	15.45
	Oct	2004.74999999999	18.00 	16.35
	Nov	2004.83333333332	17.55 	21.45
	Dec	2004.91666666665	45.75 	41.25
2005	Jan	2004.99999999999	3.30 	9.30
	Feb	2005.08333333332	10.65 	47.55
	Mar	2005.16666666665
	Apr	2005.24999999999
	May	2005.33333333332
	Jun	2005.41666666665
	Jul	2005.49999999999
	Ago	2005.58333333332
	Sep	2005.66666666665
	Oct	2005.74999999999
	Nov	2005.83333333332
	Dec	2005.91666666665
2006	Jan	2005.99999999999
	Feb	2006.08333333332
	Mar	2006.16666666665
	Apr	2006.24999999999	11.10 	18.60
	May	2006.33333333332	-18.45 	9.90
	Jun	2006.41666666665	-5.55 	6.75
	Jul	2006.49999999999	8.40 	-17.25
	Ago	2006.58333333332	-15.45 	3.30
	Sep	2006.66666666665	23.25 	21.60
	Oct	2006.74999999999
	Nov	2006.83333333332
	Dec	2006.91666666665
2007	Jan	2006.99999999999	14.10 	30.75
	Feb	2007.08333333332	18.75 	31.80
	Mar	2007.16666666665	-19.35 	18.15
	Apr	2007.24999999999	4.05 	24.75
	May	2007.33333333332	13.35 	16.05
	Jun	2007.41666666665	0.00 	-14.70
	Jul	2007.49999999999	-18.30
	Ago	2007.58333333332	0.00 	3.00
	Sep	2007.66666666665	-0.60
	Oct	2007.74999999999	-1.20 	5.40
	Nov	2007.83333333332	-3.00 	-9.60
	Dec	2007.91666666665	53.70 	68.70
2008	Jan	2007.99999999999	20.70 	12.60
	Feb	2008.08333333332	1.95 	10.95
	Mar	2008.16666666665	27.00 	3.45
	Apr	2008.24999999999	41.25 	23.85
	May	2008.33333333332	5.70 	-11.10
	Jun	2008.41666666665	-0.30 	23.10
	Jul	2008.49999999998	5.10 	4.95
	Ago	2008.58333333332	0.00 	9.60
	Sep	2008.66666666665	0.00 	17.55
	Oct	2008.74999999998	9.30 	38.25
	Nov	2008.83333333332	28.80 	26.25
	Dec	2008.91666666665	7.65 	17.85
2009	Jan	2008.99999999998	7.95 	35.55
	Feb	2009.08333333332	59.55 	46.20
	Mar	2009.16666666665	55.80 	33.00
	Apr	2009.24999999998	8.85 	-32.85
	May	2009.33333333332	3.30 	3.15
	Jun	2009.41666666665	27.30 	-2.70
	Jul	2009.49999999998	36.45
	Ago	2009.58333333332	10.20
	Sep	2009.66666666665	1.65
	Oct	2009.74999999998	4.20 	-10.50
	Nov	2009.83333333332	-15.90 	15.90
	Dec	2010.08333333333	11.55 	16.50
2010	15-Jan-10	2010.04109589041	75.94	42.42
	18-Jan-10	2010.04931506849	133.74	121.68
	25-Jan-10	2010.06849315069	155.02	344.8
	31-Jan-10	2010.08493150685	255.88	17.02125
	03-Feb-10	2010.09315068493	5.4735	73.19
	11-Feb-10	2010.11506849315	42.987	37.5135
	18-Feb-10	2010.13150684932	5.38	21.093
	11-Mar-10	2010.19178082192	10.353625	267.98
	15-Mar-10	2010.20273972603	173.32	150.39
	09-Apr-10	2010.27123287671	9.25675	190.9
	20-Apr-10	2010.30136986301	54.58	162.16
	14-May-10	2010.36712328767	56.56	15.18
	06-Jun-10	2010.43287671233	3.3375
	05-Jul-10	2010.5095890411	175.74	320.68
	22-Aug-10	2010.64109589041	69.7225	2.0025
	01-Sep-10	2010.66849315068	170.42	36.045
	17-Sep-10	2010.71232876712	9.01125
	20-Oct-10	2010.80273972603	161.38	18.0225
	29-Oct-10	2010.82739726027	145.19	12
